-39.44155219136831
-18.423964348423368
42.55310099062669
67.72133736484187
87.20572723336198
23.460459455061653
-42.312484161871296
71.0218954477121
93.45551619552919
-41.77006912115686
-16.355478767367117
35.01269610151044
7.506279140193058
4.78074270738
48.56057206960293
11.607415790207767
-35.75149793508908
-65.37420812942324
-68.45810611134235
99.23833139594299
-57.859601545015614
-66.84652317338828
-94.81894048064736
37.082343534840135
-36.97900050912739
-11.062172338975245
34.483233137718
-69.00890444322332
83.45550816582968
-83.30329582830936
-51.99592906434756
23.460511643495025
-49.06544124223413
-84.21588687567596
7.352796254608251
-93.11114061528538
-75.7745763547537
-6.358350389119522
-7.1843306240020155
-2.4631811733644184
-35.60017607174821
42.42322095962584
95.70641771206883
37.01686386200714
91.53957240985841
47.04617452032463
-37.848002513736965
68.80343597613913
-28.152157021864596
24.21110435067169
-31.626559017432697
-50.830579939693024
-49.12960454354416
44.47163151544598
24.12315376967757
-4.881489031962261
-19.24232102797292
73.22449036974655
-1.2083595494460297
46.29712811612083
2.975258696562591
-18.470631563278417
-56.20186375818028
23.533525175521547
42.59663925356506
-76.04298486133064
45.231219627193184
3.565947800679197
-53.71095121536904
-41.796919807532504
82.30703242335028
97.6855958485356
-46.67065499843963
89.99438912895366
90.06428254878179
21.434319845653093
-72.53621962811926
66.85329125283045
-71.18320668041376
-26.839001600265064
97.15189703103783
15.574783380662808
-51.76406839391934
-98.84538458275682
-47.28860048828856
20.8102672354012
-99.46325797356461
32.2360999351165
-68.8925965960981
-24.059252626165488
-94.9067200927056
59.105129291347424
82.60606703533915
-97.53853596693966
-4.089864759721152
39.401997440602145
58.239078534600935
30.38885082211553
-6.271350858901698
46.35892541477108
