0
3
6
15
22
24
35
46
47
61
61
62
77
80
90
93
126
129
156
160
163
182
186
194
194
199
202
208
211
214
222
240
252
256
261
263
267
271
271
279
282
289
301
303
303
306
306
307
310
316
320
324
328
331
337
342
343
345
345
355
370
372
374
380
381
387
392
396
397
408
414
419
420
426
437
440
441
443
450
454
463
467
473
482
484
489
494
496
497
500
511
521
524
524
531
546
547
547
553
556
556
563
574
578
579
583
584
587
590
595
596
613
619
627
627
633
637
662
674
675
679
682
682
685
691
705
714
720
724
726
729
738
738
744
744
776
781
784
786
791
827
829
833
835
841
865
892
896
900
903
922
928
929
953
963
971
983
989
991
997
